
bases = 6.28520451e-02  5.60898409e+05 0.10305006  1.78737774e-11 2.0 3.0 3.14159265
exponents = 0 1 -1 2 -2 3 -3 4 -4 5 -5
