
bases = 1.41421 4. 3. 2. 16. 3.14159 0.11839999999999999 7 11
exponents = 0 1 -1 2 -2 3 -3 4 -4 5 -5
