
bases = 3 2 4 8 1.3333333333 3.141592653589793 5 7
exponents = 0 1 -1 2 -2 3 -3 4 -4 5 -5
